================ DP2031 Power On Current Log ================
Time: 2026-01-06 16:10:38

[Data Samples]
Time(s),CH1_Volt(V),CH1_Curr(A),CH2_Volt(V),CH2_Curr(A),CH3_Volt(V),CH3_Curr(A)
4.181,2.3006,0.000000,0.0000,0.000000,0.0000,0.000000
4.504,2.3005,0.000000,0.0000,0.000000,0.0000,0.000000
4.812,2.3006,0.000000,0.0000,0.000000,0.0000,0.000000
5.147,2.3005,0.000000,0.0000,0.000000,0.0000,0.000000
5.509,2.3005,0.000000,0.0000,0.000000,0.0000,0.000000
5.806,2.3005,0.000000,0.0000,0.000000,0.0000,0.000000
6.112,2.3005,0.000000,0.0000,0.000000,0.0000,0.000000
6.464,2.3006,0.000000,0.0000,0.000000,0.0000,0.000000
6.789,2.3005,0.000000,0.0000,0.000000,0.0000,0.000000
7.112,2.3005,0.000000,0.0000,0.000000,0.0000,0.000000
7.463,2.3004,0.000000,0.0000,0.000000,0.0000,0.000000
7.812,2.3005,0.000000,0.0000,0.000000,0.0000,0.000000
8.134,2.3005,0.000000,0.0000,0.000000,0.0000,0.000000
8.422,2.3005,0.000000,0.0000,0.000000,0.0000,0.000000
8.756,2.3005,0.000000,0.0000,0.000000,0.0000,0.000000
9.106,2.3005,0.000000,0.0000,0.000000,0.0000,0.000000
9.452,2.3005,0.000000,0.0000,0.000000,0.0000,0.000000
9.780,2.3005,0.000000,0.0000,0.000000,0.0000,0.000000
10.115,2.3005,0.000000,0.0000,0.000000,0.0000,0.000000
10.404,2.3005,0.000000,0.0000,0.000000,0.0000,0.000000
10.724,2.3006,0.000000,0.0000,0.000000,0.0000,0.000000
13.196,2.3005,0.000000,1.5957,0.000000,0.0000,0.000000
13.679,2.3005,0.000000,1.5956,0.000000,0.0000,0.000000
14.162,2.3005,0.000000,1.5956,0.000000,0.0000,0.000000
14.630,2.3006,0.000000,1.5958,0.000000,0.0000,0.000000
15.105,2.3005,0.000000,1.5957,0.000000,0.0000,0.000000
15.590,2.3005,0.000000,1.5957,0.000000,0.0000,0.000000
16.063,2.3005,0.000000,1.5957,0.000000,0.0000,0.000000
16.552,2.3006,0.000000,1.5957,0.000000,0.0000,0.000000
17.003,2.3004,0.000000,1.5958,0.000000,0.0000,0.000000
17.425,2.3006,0.000000,1.5957,0.000000,0.0000,0.000000
17.901,2.3005,0.000000,1.5958,0.000000,0.0000,0.000000
18.311,2.3005,0.000000,1.5957,0.000000,0.0000,0.000000
18.730,2.3005,0.000000,1.5957,0.000000,0.0000,0.000000
19.202,2.3005,0.000000,1.5957,0.000000,0.0000,0.000000
19.751,2.3005,0.000000,1.5956,0.000000,0.0000,0.000000
20.221,2.3006,0.000000,1.5956,0.000000,0.0000,0.000000
20.624,2.3006,0.000000,1.5957,0.000000,0.0000,0.000000
21.037,2.3004,0.000000,1.5957,0.000000,0.0000,0.000000
21.448,2.3006,0.000000,1.5957,0.000000,0.0000,0.000000
21.859,2.3005,0.000000,1.5956,0.000000,0.0000,0.000000
22.351,2.3005,0.000000,1.5956,0.000000,0.0000,0.000000
25.157,2.3005,0.000000,1.5957,0.000000,5.9994,0.001300
25.991,2.3003,0.000000,1.5957,0.000000,5.9994,0.001300
26.884,2.3005,0.000000,1.5957,0.000000,5.9993,0.001300
27.698,2.3005,0.000000,1.5957,0.000000,5.9993,0.001300
28.329,2.3005,0.000000,1.5956,0.000000,5.9993,0.001400
29.119,2.3005,0.000000,1.5958,0.000000,5.9994,0.001300
29.763,2.3006,0.000000,1.5958,0.000000,5.9994,0.001400
30.653,2.3005,0.000000,1.5957,0.000000,5.9993,0.001300
31.529,2.3007,0.000000,1.5957,0.000000,5.9993,0.001300
32.337,2.3004,0.000000,1.5957,0.000000,5.9993,0.001300
33.219,2.3006,0.000000,1.5956,0.000000,5.9993,0.001300
34.064,2.3006,0.000000,1.5958,0.000000,5.9993,0.001300
34.893,2.3005,0.000000,1.5957,0.000000,5.9993,0.001300
35.686,2.3005,0.000000,1.5957,0.000000,5.9993,0.001300
36.487,2.3005,0.000000,1.5957,0.000000,5.9993,0.001300
37.319,2.3004,0.000000,1.5957,0.000000,5.9993,0.001300
38.167,2.3006,0.000000,1.5956,0.000000,5.9993,0.001300
38.974,2.3005,0.000000,1.5956,0.000000,5.9993,0.001300
39.786,2.3005,0.000000,1.5956,0.000000,5.9993,0.001300
40.588,2.3004,0.000000,1.5957,0.000000,5.9993,0.001300
41.416,2.3004,0.000000,1.5957,0.000000,5.9993,0.001300

[Range Check]
通道 1:
  测量到峰值电流: 0.0000 A
  预期电流范围: 0.1500 A - 0.2000 A
  -> 状态: 异常 (超出预期范围)
通道 2:
  测量到峰值电流: 0.0000 A
  预期电流范围: 0.0000 A - 0.0010 A
  -> 状态: 正常
通道 3:
  测量到峰值电流: 0.0013 A
  预期电流范围: 0.2500 A - 0.3500 A
  -> 状态: 异常 (超出预期范围)

结论: 检测到通道上电电流异常。请检查。
================ DP2031 Power On Current Log ================
Time: 2026-01-06 16:28:45

[Data Samples]
Time(s),CH1_Volt(V),CH1_Curr(A),CH2_Volt(V),CH2_Curr(A),CH3_Volt(V),CH3_Curr(A)
4.188,2.3005,0.000000,0.0000,0.000000,0.0000,0.000000
4.539,2.3006,0.000000,0.0000,0.000000,0.0000,0.000000
4.874,2.3005,0.000000,0.0000,0.000000,0.0000,0.000000
5.227,2.3004,0.000000,0.0000,0.000000,0.0000,0.000000
5.571,2.3005,0.000000,0.0000,0.000000,0.0000,0.000000
5.911,2.3005,0.000000,0.0000,0.000000,0.0000,0.000000
6.224,2.3005,0.000000,0.0000,0.000000,0.0000,0.000000
6.601,2.3005,0.000000,0.0000,0.000000,0.0000,0.000000
6.925,2.3006,0.000000,0.0000,0.000000,0.0000,0.000000
7.275,2.3006,0.000000,0.0000,0.000000,0.0000,0.000000
7.568,2.3005,0.000000,0.0000,0.000000,0.0000,0.000000
7.858,2.3005,0.000000,0.0000,0.000000,0.0000,0.000000
8.149,2.3005,0.000000,0.0000,0.000000,0.0000,0.000000
8.475,2.3004,0.000000,0.0000,0.000000,0.0000,0.000000
8.755,2.3005,0.000000,0.0000,0.000000,0.0000,0.000000
9.040,2.3006,0.000000,0.0000,0.000000,0.0000,0.000000
9.380,2.3006,0.000000,0.0000,0.000000,0.0000,0.000000
9.731,2.3006,0.000000,0.0000,0.000000,0.0000,0.000000
10.046,2.3005,0.000000,0.0000,0.000000,0.0000,0.000000
10.329,2.3004,0.000000,0.0000,0.000000,0.0000,0.000000
10.684,2.3005,0.000000,0.0000,0.000000,0.0000,0.000000
13.174,2.3005,0.000000,1.5958,0.000000,0.0000,0.000000
13.643,2.3004,0.000000,1.5958,0.000000,0.0000,0.000000
14.111,2.3005,0.000000,1.5958,0.000000,0.0000,0.000000
14.592,2.3005,0.000000,1.5957,0.000000,0.0000,0.000000
15.067,2.3006,0.000000,1.5958,0.000000,0.0000,0.000000
15.557,2.3006,0.000000,1.5957,0.000000,0.0000,0.000000
16.041,2.3005,0.000000,1.5957,0.000000,0.0000,0.000000
16.508,2.3005,0.000000,1.5957,0.000000,0.0000,0.000000
16.988,2.3005,0.000000,1.5958,0.000000,0.0000,0.000000
17.477,2.3005,0.000000,1.5957,0.000000,0.0000,0.000000
17.939,2.3005,0.000000,1.5959,0.000000,0.0000,0.000000
18.429,2.3005,0.000000,1.5957,0.000000,0.0000,0.000000
18.882,2.3007,0.000000,1.5959,0.000000,0.0000,0.000000
19.375,2.3005,0.000000,1.5958,0.000000,0.0000,0.000000
19.852,2.3005,0.000000,1.5958,0.000000,0.0000,0.000000
20.317,2.3005,0.000000,1.5957,0.000000,0.0000,0.000000
20.808,2.3004,0.000000,1.5958,0.000000,0.0000,0.000000
21.268,2.3005,0.000000,1.5958,0.000000,0.0000,0.000000
21.771,2.3005,0.000000,1.5958,0.000000,0.0000,0.000000
22.252,2.3004,0.000000,1.5957,0.000000,0.0000,0.000000
22.717,2.3005,0.000000,1.5958,0.000000,0.0000,0.000000
25.555,2.3005,0.000000,1.5957,0.000000,5.9993,0.001300
26.421,2.3004,0.000000,1.5957,0.000000,5.9993,0.001300
27.069,2.3006,0.000000,1.5957,0.000000,5.9993,0.001300
27.928,2.3005,0.000000,1.5957,0.000000,5.9993,0.001300
28.749,2.3004,0.000000,1.5958,0.000000,5.9992,0.001300
29.578,2.3006,0.000000,1.5956,0.000000,5.9993,0.001300
30.449,2.3005,0.000000,1.5958,0.000000,5.9993,0.001300
31.267,2.3005,0.000000,1.5956,0.000000,5.9993,0.001300
32.105,2.3005,0.000000,1.5958,0.000000,5.9993,0.001300
32.819,2.3005,0.000000,1.5957,0.000000,5.9993,0.001300
33.679,2.3006,0.000000,1.5958,0.000000,5.9993,0.001300
34.346,2.3006,0.000000,1.5957,0.000000,5.9993,0.001300
35.177,2.3007,0.000000,1.5957,0.000000,5.9992,0.001300
36.071,2.3006,0.000000,1.5957,0.000000,5.9992,0.001300
36.945,2.3006,0.000000,1.5957,0.000000,5.9992,0.001300
37.790,2.3006,0.000000,1.5957,0.000000,5.9992,0.001300
38.656,2.3005,0.000000,1.5957,0.000000,5.9993,0.001300
39.470,2.3007,0.000000,1.5957,0.000000,5.9992,0.001300
40.298,2.3005,0.000000,1.5955,0.000000,5.9992,0.001300
41.187,2.3005,0.000000,1.5958,0.000000,5.9993,0.001300
42.067,2.3004,0.000000,1.5957,0.000000,5.9992,0.001300

[Range Check]
通道 1:
  测量到峰值电流: 0.0000 A
  预期电流范围: 0.1500 A - 0.2000 A
  -> 状态: 异常 (超出预期范围)
通道 2:
  测量到峰值电流: 0.0000 A
  预期电流范围: 0.0000 A - 0.0010 A
  -> 状态: 正常
通道 3:
  测量到峰值电流: 0.0013 A
  预期电流范围: 0.2500 A - 0.3500 A
  -> 状态: 异常 (超出预期范围)

结论: 检测到通道上电电流异常。请检查。
================ DP2031 Power On Current Log ================
Time: 2026-01-06 16:32:17

[Data Samples]
Time(s),CH1_Volt(V),CH1_Curr(A),CH2_Volt(V),CH2_Curr(A),CH3_Volt(V),CH3_Curr(A)
4.182,2.3005,0.000000,0.0000,0.000000,0.0000,0.000000
4.531,2.3005,0.000000,0.0000,0.000000,0.0000,0.000000
4.892,2.3004,0.000000,0.0000,0.000000,0.0000,0.000000
5.216,2.3004,0.000000,0.0000,0.000000,0.0000,0.000000
5.541,2.3005,0.000000,0.0000,0.000000,0.0000,0.000000
5.814,2.3006,0.000000,0.0000,0.000000,0.0000,0.000000
6.108,2.3005,0.000000,0.0000,0.000000,0.0000,0.000000
6.434,2.3006,0.000000,0.0000,0.000000,0.0000,0.000000
6.786,2.3005,0.000000,0.0000,0.000000,0.0000,0.000000
7.122,2.3006,0.000000,0.0000,0.000000,0.0000,0.000000
7.455,2.3004,0.000000,0.0000,0.000000,0.0000,0.000000
7.731,2.3005,0.000000,0.0000,0.000000,0.0000,0.000000
8.076,2.3005,0.000000,0.0000,0.000000,0.0000,0.000000
8.415,2.3005,0.000000,0.0000,0.000000,0.0000,0.000000
8.742,2.3005,0.000000,0.0000,0.000000,0.0000,0.000000
9.026,2.3005,0.000000,0.0000,0.000000,0.0000,0.000000
9.381,2.3005,0.000000,0.0000,0.000000,0.0000,0.000000
9.715,2.3005,0.000000,0.0000,0.000000,0.0000,0.000000
10.052,2.3005,0.000000,0.0000,0.000000,0.0000,0.000000
10.397,2.3004,0.000000,0.0000,0.000000,0.0000,0.000000
10.745,2.3005,0.000000,0.0000,0.000000,0.0000,0.000000
13.215,2.3005,0.000000,1.5956,0.000000,0.0000,0.000000
13.702,2.3006,0.000000,1.5956,0.000000,0.0000,0.000000
14.180,2.3004,0.000000,1.5957,0.000000,0.0000,0.000000
14.642,2.3005,0.000000,1.5956,0.000000,0.0000,0.000000
15.133,2.3005,0.000000,1.5956,0.000000,0.0000,0.000000
15.614,2.3006,0.000000,1.5956,0.000000,0.0000,0.000000
16.078,2.3005,0.000000,1.5956,0.000000,0.0000,0.000000
16.559,2.3004,0.000000,1.5956,0.000000,0.0000,0.000000
17.060,2.3005,0.000000,1.5956,0.000000,0.0000,0.000000
17.517,2.3006,0.000000,1.5957,0.000000,0.0000,0.000000
17.996,2.3006,0.000000,1.5956,0.000000,0.0000,0.000000
18.476,2.3006,0.000000,1.5956,0.000000,0.0000,0.000000
18.951,2.3005,0.000000,1.5956,0.000000,0.0000,0.000000
19.428,2.3006,0.000000,1.5957,0.000000,0.0000,0.000000
19.905,2.3006,0.000000,1.5956,0.000000,0.0000,0.000000
20.392,2.3006,0.000000,1.5957,0.000000,0.0000,0.000000
20.853,2.3005,0.000000,1.5956,0.000000,0.0000,0.000000
21.327,2.3005,0.000000,1.5957,0.000000,0.0000,0.000000
21.826,2.3005,0.000000,1.5956,0.000000,0.0000,0.000000
22.304,2.3005,0.000000,1.5956,0.000000,0.0000,0.000000
22.791,2.3005,0.000000,1.5957,0.000000,0.0000,0.000000
25.680,2.3005,0.000000,1.5957,0.000000,5.9993,0.001300
26.482,2.3006,0.000000,1.5957,0.000000,5.9993,0.001300
27.323,2.3004,0.000000,1.5957,0.000000,5.9992,0.001300
28.198,2.3006,0.000000,1.5957,0.000000,5.9993,0.001300
29.015,2.3006,0.000000,1.5956,0.000000,5.9992,0.001300
29.827,2.3006,0.000000,1.5957,0.000000,5.9992,0.001300
30.657,2.3004,0.000000,1.5956,0.000000,5.9993,0.001300
31.483,2.3004,0.000000,1.5957,0.000000,5.9993,0.001300
32.296,2.3003,0.000000,1.5956,0.000000,5.9992,0.001300
33.108,2.3005,0.000000,1.5957,0.000000,5.9992,0.001300
33.718,2.3005,0.000000,1.5956,0.000000,5.9992,0.001400
34.543,2.3006,0.000000,1.5957,0.000000,5.9992,0.001300
35.382,2.3005,0.000000,1.5956,0.000000,5.9993,0.001300
36.270,2.3004,0.000000,1.5956,0.000000,5.9992,0.001300
36.941,2.3005,0.000000,1.5957,0.000000,5.9992,0.001300
37.572,2.3005,0.000000,1.5956,0.000000,5.9992,0.001300
38.452,2.3005,0.000000,1.5957,0.000000,5.9992,0.001300
39.327,2.3004,0.000000,1.5957,0.000000,5.9992,0.001300
40.145,2.3006,0.000000,1.5956,0.000000,5.9993,0.001300
40.941,2.3006,0.000000,1.5956,0.000000,5.9992,0.001300
41.787,2.3005,0.000000,1.5956,0.000000,5.9992,0.001300

[Range Check]
通道 1:
  测量到峰值电流: 0.0000 A
  预期电流范围: 0.1500 A - 0.2000 A
  -> 状态: 异常 (超出预期范围)
通道 2:
  测量到峰值电流: 0.0000 A
  预期电流范围: 0.0000 A - 0.0010 A
  -> 状态: 正常
通道 3:
  测量到峰值电流: 0.0013 A
  预期电流范围: 0.2500 A - 0.3500 A
  -> 状态: 异常 (超出预期范围)

结论: 检测到通道上电电流异常。请检查。
================ DP2031 Power On Current Log ================
Time: 2026-01-06 16:46:59

[Data Samples]
Time(s),CH1_Volt(V),CH1_Curr(A),CH2_Volt(V),CH2_Curr(A),CH3_Volt(V),CH3_Curr(A)
4.250,2.3007,0.000000,0.0000,0.000000,0.0000,0.000000
4.585,2.3007,0.000000,0.0000,0.000000,0.0000,0.000000
4.873,2.3006,0.000000,0.0000,0.000000,0.0000,0.000000
5.204,2.3006,0.000000,0.0000,0.000000,0.0000,0.000000
5.482,2.3005,0.000000,0.0000,0.000000,0.0000,0.000000
5.826,2.3006,0.000000,0.0000,0.000000,0.0000,0.000000
6.160,2.3005,0.000000,0.0000,0.000000,0.0000,0.000000
6.500,2.3007,0.000000,0.0000,0.000000,0.0000,0.000000
6.779,2.3005,0.000000,0.0000,0.000000,0.0000,0.000000
7.130,2.3005,0.000000,0.0000,0.000000,0.0000,0.000000
7.453,2.3005,0.000000,0.0000,0.000000,0.0000,0.000000
7.738,2.3005,0.000000,0.0000,0.000000,0.0000,0.000000
8.085,2.3005,0.000000,0.0000,0.000000,0.0000,0.000000
8.425,2.3006,0.000000,0.0000,0.000000,0.0000,0.000000
8.757,2.3007,0.000000,0.0000,0.000000,0.0000,0.000000
9.113,2.3006,0.000000,0.0000,0.000000,0.0000,0.000000
9.450,2.3005,0.000000,0.0000,0.000000,0.0000,0.000000
9.792,2.3004,0.000000,0.0000,0.000000,0.0000,0.000000
10.124,2.3005,0.000000,0.0000,0.000000,0.0000,0.000000
10.480,2.3005,0.000000,0.0000,0.000000,0.0000,0.000000
10.833,2.3007,0.000000,0.0000,0.000000,0.0000,0.000000
13.310,2.3005,0.000000,1.5956,0.000000,0.0000,0.000000
13.797,2.3005,0.000000,1.5957,0.000000,0.0000,0.000000
14.272,2.3006,0.000000,1.5956,0.000000,0.0000,0.000000
14.754,2.3006,0.000000,1.5957,0.000000,0.0000,0.000000
15.226,2.3006,0.000000,1.5957,0.000000,0.0000,0.000000
15.710,2.3006,0.000000,1.5956,0.000000,0.0000,0.000000
16.189,2.3006,0.000000,1.5957,0.000000,0.0000,0.000000
16.649,2.3007,0.000000,1.5957,0.000000,0.0000,0.000000
17.138,2.3006,0.000000,1.5957,0.000000,0.0000,0.000000
17.596,2.3005,0.000000,1.5956,0.000000,0.0000,0.000000
18.101,2.3005,0.000000,1.5957,0.000000,0.0000,0.000000
18.575,2.3006,0.000000,1.5958,0.000000,0.0000,0.000000
19.056,2.3005,0.000000,1.5958,0.000000,0.0000,0.000000
19.532,2.3006,0.000000,1.5957,0.000000,0.0000,0.000000
20.007,2.3006,0.000000,1.5957,0.000000,0.0000,0.000000
20.486,2.3006,0.000000,1.5958,0.000000,0.0000,0.000000
20.958,2.3005,0.000000,1.5959,0.000000,0.0000,0.000000
21.427,2.3006,0.000000,1.5958,0.000000,0.0000,0.000000
21.921,2.3006,0.000000,1.5958,0.000000,0.0000,0.000000
22.380,2.3006,0.000000,1.5957,0.000000,0.0000,0.000000
22.886,2.3005,0.000000,1.5959,0.000000,0.0000,0.000000
25.837,2.3005,0.000000,1.5958,0.000000,5.9992,0.001300
26.646,2.3006,0.000000,1.5958,0.000000,5.9992,0.001300
27.539,2.3007,0.000000,1.5958,0.000000,5.9993,0.001300
28.423,2.3005,0.000000,1.5957,0.000000,5.9992,0.001300
29.333,2.3006,0.000000,1.5957,0.000000,5.9993,0.001300
30.228,2.3005,0.000000,1.5958,0.000000,5.9992,0.001300
31.070,2.3005,0.000000,1.5956,0.000000,5.9992,0.001300
31.697,2.3005,0.000000,1.5958,0.000000,5.9992,0.001300
32.606,2.3005,0.000000,1.5957,0.000000,5.9992,0.001300
33.499,2.3005,0.000000,1.5958,0.000000,5.9992,0.001300
34.390,2.3005,0.000000,1.5957,0.000000,5.9992,0.001300
35.266,2.3005,0.000000,1.5957,0.000000,5.9992,0.001300
36.127,2.3005,0.000000,1.5958,0.000000,5.9992,0.001300
37.031,2.3005,0.000000,1.5957,0.000000,5.9993,0.001300
37.908,2.3005,0.000000,1.5959,0.000000,5.9992,0.001300
38.813,2.3005,0.000000,1.5958,0.000000,5.9992,0.001300
39.522,2.3005,0.000000,1.5957,0.000000,5.9992,0.001300
40.190,2.3006,0.000000,1.5957,0.000000,5.9992,0.001300
41.034,2.3005,0.000000,1.5957,0.000000,5.9991,0.001300
41.857,2.3005,0.000000,1.5957,0.000000,5.9991,0.001300
42.693,2.3006,0.000000,1.5958,0.000000,5.9991,0.001300

[Range Check]
通道 1:
  测量到峰值电流: 0.0000 A
  预期电流范围: 0.1500 A - 0.2000 A
  -> 状态: 异常 (超出预期范围)
通道 2:
  测量到峰值电流: 0.0000 A
  预期电流范围: 0.0000 A - 0.0010 A
  -> 状态: 正常
通道 3:
  测量到峰值电流: 0.0013 A
  预期电流范围: 0.2500 A - 0.3500 A
  -> 状态: 异常 (超出预期范围)

结论: 检测到通道上电电流异常。请检查。
================ DP2031 Power On Current Log ================
Time: 2026-01-06 16:52:03

[Data Samples]
Time(s),CH1_Volt(V),CH1_Curr(A),CH2_Volt(V),CH2_Curr(A),CH3_Volt(V),CH3_Curr(A)
4.178,2.3005,0.000000,0.0000,0.000000,0.0000,0.000000
4.458,2.3005,0.000000,0.0000,0.000000,0.0000,0.000000
4.806,2.3004,0.000000,0.0000,0.000000,0.0000,0.000000
5.168,2.3005,0.000000,0.0000,0.000000,0.0000,0.000000
5.474,2.3005,0.000000,0.0000,0.000000,0.0000,0.000000
5.746,2.3004,0.000000,0.0000,0.000000,0.0000,0.000000
6.048,2.3005,0.000000,0.0000,0.000000,0.0000,0.000000
6.367,2.3004,0.000000,0.0000,0.000000,0.0000,0.000000
6.717,2.3006,0.000000,0.0000,0.000000,0.0000,0.000000
7.042,2.3004,0.000000,0.0000,0.000000,0.0000,0.000000
7.332,2.3004,0.000000,0.0000,0.000000,0.0000,0.000000
7.671,2.3005,0.000000,0.0000,0.000000,0.0000,0.000000
8.009,2.3006,0.000000,0.0000,0.000000,0.0000,0.000000
8.348,2.3005,0.000000,0.0000,0.000000,0.0000,0.000000
8.669,2.3005,0.000000,0.0000,0.000000,0.0000,0.000000
8.961,2.3006,0.000000,0.0000,0.000000,0.0000,0.000000
9.298,2.3005,0.000000,0.0000,0.000000,0.0000,0.000000
9.574,2.3003,0.000000,0.0000,0.000000,0.0000,0.000000
9.924,2.3004,0.000000,0.0000,0.000000,0.0000,0.000000
10.248,2.3005,0.000000,0.0000,0.000000,0.0000,0.000000
10.536,2.3006,0.000000,0.0000,0.000000,0.0000,0.000000
13.008,2.3005,0.000000,1.5957,0.000000,0.0000,0.000000
13.468,2.3006,0.000000,1.5957,0.000000,0.0000,0.000000
13.971,2.3006,0.000000,1.5957,0.000000,0.0000,0.000000
14.433,2.3006,0.000000,1.5957,0.000000,0.0000,0.000000
14.932,2.3004,0.000000,1.5956,0.000000,0.0000,0.000000
15.387,2.3005,0.000000,1.5957,0.000000,0.0000,0.000000
15.884,2.3005,0.000000,1.5956,0.000000,0.0000,0.000000
16.345,2.3005,0.000000,1.5956,0.000000,0.0000,0.000000
16.854,2.3006,0.000000,1.5957,0.000000,0.0000,0.000000
17.309,2.3005,0.000000,1.5958,0.000000,0.0000,0.000000
17.773,2.3004,0.000000,1.5958,0.000000,0.0000,0.000000
18.279,2.3004,0.000000,1.5956,0.000000,0.0000,0.000000
18.742,2.3005,0.000000,1.5957,0.000000,0.0000,0.000000
19.235,2.3005,0.000000,1.5957,0.000000,0.0000,0.000000
19.690,2.3005,0.000000,1.5956,0.000000,0.0000,0.000000
20.168,2.3006,0.000000,1.5957,0.000000,0.0000,0.000000
20.652,2.3005,0.000000,1.5957,0.000000,0.0000,0.000000
21.147,2.3004,0.000000,1.5957,0.000000,0.0000,0.000000
21.621,2.3004,0.000000,1.5958,0.000000,0.0000,0.000000
22.105,2.3005,0.000000,1.5958,0.000000,0.0000,0.000000
22.577,2.3005,0.000000,1.5957,0.000000,0.0000,0.000000
25.407,2.3004,0.000000,1.5958,0.000000,5.9993,0.001300
26.242,2.3005,0.000000,1.5958,0.000000,5.9993,0.001400
27.100,2.3004,0.000000,1.5957,0.000000,5.9993,0.001300
27.927,2.3004,0.000000,1.5957,0.000000,5.9993,0.001300
28.729,2.3005,0.000000,1.5957,0.000000,5.9993,0.001300
29.575,2.3006,0.000000,1.5957,0.000000,5.9993,0.001300
30.404,2.3004,0.000000,1.5957,0.000000,5.9992,0.001300
31.080,2.3006,0.000000,1.5958,0.000000,5.9993,0.001300
31.942,2.3005,0.000000,1.5957,0.000000,5.9992,0.001300
32.748,2.3005,0.000000,1.5957,0.000000,5.9992,0.001300
33.395,2.3005,0.000000,1.5957,0.000000,5.9992,0.001300
34.204,2.3006,0.000000,1.5958,0.000000,5.9992,0.001300
35.012,2.3005,0.000000,1.5958,0.000000,5.9992,0.001300
35.846,2.3005,0.000000,1.5958,0.000000,5.9992,0.001300
36.470,2.3003,0.000000,1.5957,0.000000,5.9992,0.001300
37.276,2.3005,0.000000,1.5958,0.000000,5.9992,0.001300
37.875,2.3006,0.000000,1.5958,0.000000,5.9993,0.001300
38.729,2.3005,0.000000,1.5958,0.000000,5.9992,0.001300
39.614,2.3006,0.000000,1.5958,0.000000,5.9992,0.001300
40.502,2.3005,0.000000,1.5957,0.000000,5.9992,0.001300
41.383,2.3006,0.000000,1.5957,0.000000,5.9992,0.001300

[Range Check]
通道 1:
  测量到峰值电流: 0.0000 A
  预期电流范围: 0.1500 A - 0.2000 A
  -> 状态: 异常 (超出预期范围)
通道 2:
  测量到峰值电流: 0.0000 A
  预期电流范围: 0.0000 A - 0.0010 A
  -> 状态: 正常
通道 3:
  测量到峰值电流: 0.0013 A
  预期电流范围: 0.2500 A - 0.3500 A
  -> 状态: 异常 (超出预期范围)

结论: 检测到通道上电电流异常。请检查。
